5 0.6982421875 0.3619791666666667 0.033203125 0.10069444444444445
5 0.6572265625 0.7916666666666666 0.076171875 0.0920138888888889
5 0.654296875 0.9279513888888888 0.0703125 0.109375
5 0.841796875 0.8220486111111112 0.05859375 0.11805555555555555
5 0.9482421875 0.6076388888888888 0.037109375 0.10069444444444445
5 0.51171875 0.20833333333333334 0.0703125 0.08333333333333333
5 0.4833984375 0.24739583333333334 0.072265625 0.0920138888888889
5 0.390625 0.3967013888888889 0.08203125 0.11805555555555555
5 0.4140625 0.5 0.0703125 0.11458333333333333
5 0.4111328125 0.625 0.083984375 0.109375
5 0.2998046875 0.4956597222222222 0.080078125 0.11458333333333333
5 0.2158203125 0.5902777777777778 0.080078125 0.109375